****************************Codebook*******************************
{{ 1950,  -6530,  2492,  -2767,  3021 },
{ -4760,  -598,  -1465,  -1972,  6389 },
{ 6396,  6992,  4087,  665,  -1642 },
{ 3912,  1447,  -5237,  573,  -3334 },
{ 2081,  -2778,  -502,  1215,  1158 },
{ 4126,  2553,  -1221,  -1569,  855 },
{ 2875,  1447,  -3332,  1990,  1738 },
{ -106,  -115,  141,  -15,  123 },
{ 4781,  -2357,  3441,  3667,  -1747 },
{ 25,  1039,  1299,  -1652,  3840 },
{ -1246,  913,  -5881,  -3570,  994 },
{ -1961,  3692,  -4232,  -2320,  -4867 },
{ 2683,  1045,  6323,  -5378,  -2118 },
{ -582,  3092,  -513,  4853,  -3338 },
{ -3670,  -1620,  805,  674,  323 },
{ -2307,  -2543,  -4394,  1136,  -142 },
{ -1865,  637,  -2096,  -922,  641 },
{ -142,  73,  1324,  3370,  -336 },
{ -4669,  23,  3959,  4572,  -1224 },
{ 597,  592,  -491,  441,  -434 },
};Address book
{{ 10,  7,  7,  19,  7,  7,  7,  7,  7,  7,  7,  7,  7,  7,  19,  7,  7,  19,  7,  7,  7,  7,  7,  7,  7,  7,  7,  7,  19,  7,  7,  7,  19,  7,  19,  7,  7,  7,  7,  7,  7,  19,  7,  7,  7,  19,  7,  7,  7,  19,  7,  19,  7,  7,  7,  7,  7,  7,  7,  7,  7,  7,  19,  7,  7,  7,  7,  7,  19,  19,  7,  7,  7,  16,  16,  7,  7,  7,  7,  7,  7,  19,  7,  7,  7,  7,  7,  19,  19,  16,  14,  14,  15,  15,  15,  15,  7,  7,  7,  7,  7,  7,  7,  7,  7,  7,  19,  6,  6,  15,  14,  14,  10,  10,  10,  15,  14,  17,  17,  17,  19,  7,  7,  19,  19,  7,  17,  6,  6,  15,  14,  16,  10,  10,  10,  10,  15,  14,  17,  17,  7,  7,  7,  19,  5,  5,  6,  6,  6,  6,  19,  5,  5,  5,  10,  10,  1,  17,  17,  17,  19,  7,  19,  19,  5,  6,  6,  6,  6,  6,  2,  2,  2,  11,  10,  10,  10,  17,  17,  6,  19,  7,  7,  19,  9,  6,  6,  6,  6,  17,  17,  12,  12,  11,  11,  10,  6,  17,  17,  19,  7,  7,  7,  16,  10,  6,  6,  15,  14,  18,  18,  12,  12,  2,  11,  5,  6,  17,  6,  19,  7,  7,  7,  5,  9,  6,  6,  14,  18,  18,  8,  2,  2,  2,  5,  5,  4,  17,  6,  19,  7,  7,  19,  6,  9,  7,  17,  14,  18,  2,  2,  2,  2,  5,  5,  6,  9,  7,  19,  19,  19,  7,  7,  16,  9,  14,  18,  17,  17,  2,  2,  2,  5,  9,  9,  9,  5,  7,  7,  7,  7,  7,  7,  7,  16,  14,  17,  17,  17,  17,  16,  14,  16,  16,  9,  5,  16,  19,  7,  7,  19,  7,  7,  7,  19,  7,  7,  17,  15,  15,  15,  15,  16,  1,  10,  16,  16,  19,  19,  19,  19,  7,  7,  7,  7,  19,  19,  15,  15,  15,  15,  15,  15,  16,  10,  10,  16,  7,  7,  19,  7,  7,  7,  7,  7,  19,  15,  15,  16,  7,  16,  16,  16,  16,  16,  19,  7,  7,  7,  7,  7,  7,  7,  7,  7,  7,  19,  19,  7,  19,  7,  7,  7,  7,  7,  7,  7,  19,  7,  7,  7,  7,  7,  7,  7,  7,  7,  7,  7,  7,  7,  7,  7,  7,  7,  7,  7,  7,  19,  7,  7, },
{ 3,  7,  7,  7,  7,  19,  7,  7,  7,  7,  7,  7,  7,  7,  7,  7,  7,  7,  7,  7,  7,  7,  7,  7,  7,  7,  19,  7,  7,  7,  7,  7,  7,  7,  19,  7,  7,  7,  7,  7,  7,  7,  19,  7,  7,  7,  7,  4,  7,  7,  7,  7,  7,  7,  7,  7,  7,  7,  7,  19,  19,  7,  7,  7,  7,  4,  4,  4,  7,  19,  19,  19,  19,  4,  4,  17,  7,  7,  7,  7,  7,  7,  19,  7,  7,  4,  4,  4,  7,  13,  13,  3,  6,  17,  17,  17,  17,  4,  4,  7,  7,  7,  7,  7,  4,  4,  4,  4,  19,  13,  13,  3,  6,  19,  14,  18,  17,  4,  4,  4,  7,  7,  7,  19,  4,  4,  6,  16,  16,  11,  13,  13,  6,  5,  9,  14,  17,  19,  7,  4,  7,  7,  19,  7,  4,  4,  4,  7,  11,  11,  11,  11,  19,  5,  9,  9,  7,  13,  19,  4,  7,  7,  7,  4,  4,  8,  17,  16,  11,  11,  11,  11,  7,  9,  9,  9,  16,  13,  17,  4,  7,  7,  7,  7,  0,  17,  8,  4,  11,  11,  11,  12,  12,  12,  9,  1,  9,  13,  19,  4,  7,  7,  7,  9,  4,  17,  8,  0,  14,  12,  12,  12,  9,  9,  1,  1,  7,  19,  19,  7,  7,  19,  7,  9,  9,  17,  8,  8,  0,  4,  12,  9,  4,  15,  16,  9,  7,  19,  19,  7,  7,  7,  7,  9,  7,  17,  8,  8,  4,  4,  4,  17,  4,  15,  19,  7,  19,  19,  19,  7,  7,  7,  7,  9,  9,  7,  8,  17,  8,  8,  17,  13,  15,  15,  19,  17,  17,  13,  19,  7,  7,  19,  7,  9,  9,  16,  4,  8,  8,  8,  19,  15,  15,  16,  14,  4,  4,  19,  19,  7,  7,  7,  7,  7,  16,  10,  15,  19,  8,  2,  5,  6,  4,  4,  4,  4,  4,  19,  19,  7,  7,  7,  19,  7,  16,  11,  11,  11,  19,  2,  5,  5,  4,  4,  4,  7,  19,  19,  19,  7,  7,  7,  19,  7,  7,  11,  11,  11,  19,  19,  19,  7,  4,  4,  4,  7,  7,  7,  7,  7,  7,  19,  19,  7,  7,  16,  16,  16,  16,  7,  7,  7,  7,  7,  7,  7,  7,  7,  7,  7,  7,  7,  7,  7,  7,  7,  7,  7,  7,  7,  7,  7,  19,  19,  7,  7,  7,  7,  19,  7,  7, },
{ 4,  7,  19,  19,  7,  7,  7,  19,  7,  7,  7,  7,  7,  7,  7,  7,  7,  7,  7,  7,  7,  7,  7,  7,  7,  7,  7,  7,  7,  7,  7,  7,  7,  7,  7,  7,  19,  19,  19,  7,  19,  7,  7,  7,  19,  7,  7,  7,  7,  7,  7,  7,  7,  7,  19,  19,  19,  7,  19,  7,  7,  7,  7,  7,  7,  7,  7,  7,  7,  7,  19,  19,  19,  17,  13,  13,  17,  19,  7,  7,  7,  19,  7,  19,  7,  7,  7,  14,  14,  15,  15,  3,  13,  13,  13,  18,  18,  17,  7,  16,  7,  7,  7,  7,  7,  7,  14,  14,  16,  15,  3,  3,  8,  13,  13,  13,  18,  18,  16,  16,  7,  7,  19,  7,  19,  17,  17,  14,  16,  10,  3,  13,  3,  4,  8,  13,  13,  18,  16,  16,  7,  7,  19,  7,  17,  13,  14,  14,  14,  15,  3,  13,  4,  0,  4,  13,  13,  18,  16,  1,  7,  19,  7,  7,  17,  18,  14,  1,  15,  15,  3,  8,  8,  0,  0,  19,  13,  18,  16,  1,  7,  7,  7,  19,  17,  18,  1,  1,  15,  15,  13,  12,  12,  12,  12,  5,  19,  18,  14,  1,  7,  7,  19,  6,  13,  18,  1,  1,  16,  7,  7,  12,  12,  0,  5,  5,  13,  18,  14,  9,  7,  7,  19,  19,  13,  18,  1,  14,  14,  0,  0,  0,  0,  0,  5,  3,  13,  13,  14,  9,  7,  7,  19,  19,  13,  13,  1,  14,  14,  15,  10,  0,  0,  4,  13,  13,  13,  14,  7,  1,  7,  7,  7,  19,  17,  13,  14,  18,  14,  0,  0,  4,  4,  6,  13,  13,  13,  17,  7,  16,  7,  19,  19,  19,  19,  17,  18,  18,  14,  0,  4,  6,  13,  13,  13,  13,  17,  7,  7,  7,  7,  7,  7,  19,  19,  8,  13,  13,  14,  14,  17,  13,  13,  13,  13,  17,  14,  7,  7,  7,  7,  19,  7,  7,  19,  19,  13,  13,  17,  13,  13,  13,  13,  17,  17,  17,  19,  7,  7,  7,  7,  7,  7,  7,  19,  19,  13,  13,  19,  19,  19,  19,  19,  17,  7,  7,  19,  7,  7,  7,  7,  19,  7,  7,  7,  19,  19,  19,  7,  19,  7,  7,  7,  7,  7,  7,  7,  7,  19,  7,  7,  7,  7,  7,  7,  7,  7,  7,  7,  7,  7,  7,  7,  7,  7,  7,  7,  7,  7,  7,  19, },
{ 5,  7,  7,  7,  19,  19,  7,  19,  7,  7,  7,  7,  7,  7,  7,  7,  7,  19,  7,  7,  19,  7,  7,  19,  7,  19,  7,  19,  7,  7,  7,  7,  7,  7,  7,  7,  19,  19,  7,  7,  7,  7,  7,  7,  19,  7,  7,  7,  7,  7,  7,  19,  7,  7,  7,  7,  7,  7,  7,  7,  7,  19,  7,  7,  7,  7,  7,  14,  9,  7,  7,  19,  19,  7,  14,  14,  14,  7,  7,  7,  7,  7,  7,  7,  7,  14,  14,  7,  9,  4,  4,  3,  3,  13,  18,  18,  14,  14,  7,  7,  7,  7,  7,  7,  14,  14,  14,  9,  9,  5,  6,  3,  3,  3,  13,  18,  14,  14,  7,  9,  7,  7,  7,  7,  7,  14,  14,  9,  9,  6,  6,  3,  3,  3,  3,  15,  14,  14,  7,  9,  7,  7,  7,  7,  7,  14,  14,  9,  6,  6,  3,  6,  3,  3,  3,  11,  11,  18,  9,  9,  7,  7,  7,  16,  14,  15,  14,  1,  16,  5,  5,  4,  4,  3,  3,  11,  11,  18,  14,  9,  7,  7,  7,  16,  14,  15,  15,  16,  16,  9,  0,  0,  0,  8,  7,  11,  10,  18,  18,  9,  7,  19,  7,  16,  15,  15,  15,  16,  14,  0,  0,  0,  0,  0,  9,  16,  16,  18,  18,  9,  7,  7,  19,  10,  11,  15,  4,  18,  18,  0,  0,  9,  9,  9,  7,  10,  16,  14,  14,  9,  7,  7,  19,  10,  15,  15,  17,  18,  18,  9,  5,  9,  9,  7,  10,  10,  16,  14,  7,  7,  7,  7,  19,  10,  10,  15,  18,  18,  18,  7,  4,  19,  16,  15,  10,  10,  15,  17,  4,  7,  7,  7,  7,  10,  19,  17,  18,  18,  17,  19,  4,  10,  10,  15,  10,  15,  19,  4,  4,  7,  7,  19,  7,  19,  19,  17,  18,  18,  17,  6,  3,  3,  10,  11,  16,  14,  7,  7,  4,  7,  7,  7,  7,  7,  17,  17,  18,  18,  7,  19,  3,  3,  11,  16,  14,  7,  7,  7,  7,  7,  19,  7,  7,  7,  19,  7,  17,  17,  7,  7,  19,  19,  19,  17,  7,  7,  19,  7,  7,  19,  7,  7,  7,  7,  7,  7,  7,  7,  7,  7,  7,  7,  7,  7,  7,  7,  7,  19,  7,  7,  19,  7,  7,  7,  7,  7,  7,  7,  7,  7,  7,  7,  7,  7,  7,  7,  7,  7,  7,  19,  19, },
{ 9,  7,  19,  7,  7,  7,  7,  19,  7,  7,  19,  19,  7,  7,  7,  7,  7,  7,  7,  7,  7,  19,  7,  7,  19,  7,  7,  7,  19,  19,  7,  7,  7,  7,  19,  7,  7,  7,  7,  7,  7,  7,  7,  7,  7,  7,  7,  7,  19,  7,  7,  7,  19,  19,  17,  7,  7,  7,  7,  7,  19,  7,  7,  7,  7,  7,  7,  19,  19,  19,  7,  7,  19,  19,  15,  15,  14,  14,  19,  19,  7,  7,  7,  7,  7,  7,  16,  16,  19,  5,  5,  5,  16,  16,  15,  15,  15,  14,  19,  19,  7,  7,  7,  7,  7,  7,  16,  6,  5,  5,  5,  5,  10,  1,  15,  15,  15,  14,  19,  19,  7,  19,  7,  7,  19,  15,  15,  6,  5,  5,  3,  3,  16,  1,  1,  15,  16,  16,  19,  19,  19,  7,  7,  16,  15,  15,  15,  6,  6,  5,  5,  7,  4,  1,  1,  1,  16,  10,  19,  19,  19,  7,  7,  14,  15,  15,  15,  4,  5,  5,  5,  4,  14,  14,  1,  1,  15,  15,  19,  19,  19,  7,  7,  14,  14,  15,  15,  4,  9,  5,  17,  18,  18,  18,  9,  1,  15,  10,  10,  19,  19,  7,  7,  14,  14,  15,  15,  14,  18,  18,  18,  18,  18,  8,  4,  14,  14,  16,  6,  19,  7,  7,  7,  14,  14,  15,  3,  4,  17,  17,  18,  17,  8,  6,  15,  14,  16,  19,  9,  19,  7,  7,  7,  14,  15,  15,  4,  4,  6,  19,  8,  4,  5,  6,  10,  15,  15,  7,  19,  19,  7,  7,  7,  7,  14,  16,  7,  5,  10,  16,  19,  5,  5,  10,  15,  15,  15,  19,  19,  7,  7,  7,  7,  7,  16,  7,  4,  3,  10,  10,  16,  19,  16,  16,  15,  15,  15,  19,  19,  7,  7,  7,  7,  7,  7,  9,  6,  6,  10,  10,  16,  16,  16,  15,  15,  15,  19,  19,  19,  19,  7,  7,  19,  7,  7,  5,  6,  6,  10,  16,  1,  16,  16,  15,  14,  15,  17,  19,  7,  19,  7,  7,  7,  7,  19,  19,  6,  6,  19,  7,  16,  7,  7,  14,  7,  7,  19,  7,  7,  7,  7,  7,  7,  7,  7,  19,  19,  4,  19,  7,  7,  7,  7,  7,  7,  7,  7,  7,  7,  7,  19,  7,  7,  7,  7,  19,  19,  7,  7,  7,  7,  7,  7,  7,  7,  7,  7,  19,  19,  7,  7, },
};