max: 28339
max: 9828
max: 10824
max: 5348
max: 3821
max: 0
****************************Codebook*******************************
{{ -13365,  -7356,  -949,  1307,  16187 },
{ 5094,  -18436,  -7441,  -7512,  -4656 },
{ -23392,  -12410,  -13339,  17067,  25893 },
{ 525,  -1487,  1356,  -22593,  -13737 },
{ 16206,  -17262,  6643,  12716,  -16903 },
{ 18924,  -8436,  11982,  -7276,  12788 },
{ -9316,  -7203,  -6985,  -7940,  1182 },
{ -14318,  -13796,  -18524,  6079,  -14063 },
{ -11332,  8769,  -11314,  14415,  -14586 },
{ -12009,  17310,  4088,  49,  -8950 },
{ 3054,  -1259,  21,  5478,  -10828 },
{ 7787,  -15534,  -23408,  -13151,  -16341 },
{ -1766,  17353,  -19945,  -14679,  -1305 },
{ -27316,  -605,  -22987,  -5284,  -14848 },
{ 28420,  32553,  24074,  -2632,  306 },
{ -2613,  3533,  5435,  -12322,  16204 },
};
Address book
{{ 7,  9,  5,  4,  1,  3,  8,  5,  3,  9,  13,  8,  5,  9,  15,  3,  7,  1,  5,  0,  6,  2,  1,  13,  5,  13 },
{ 6,  4,  10,  7,  9,  6,  0,  14,  4,  12,  12,  11,  11,  3,  0,  8,  4,  12,  6,  5,  9,  8,  11,  8,  0,  15 },
};