****************************Codebook*******************************
{{ -11960,  -11286,  -5867,  -8355,  9757 },
{ 6184,  -16062,  -15396,  -10067,  -8380 },
{ -23392,  -12410,  -13339,  17067,  25893 },
{ 3674,  -6395,  4565,  -19172,  -16743 },
{ -1828,  -20381,  -18846,  -2613,  -22583 },
{ 18924,  -8436,  11982,  -7276,  12788 },
{ 967,  -6191,  -4788,  -6841,  9390 },
{ -2613,  3533,  5435,  -12322,  16204 },
{ -8819,  8396,  -14484,  16872,  -10404 },
{ -14991,  14007,  4894,  2670,  -13570 },
{ -11597,  5141,  -4282,  5468,  5673 },
{ -22273,  -9575,  -21345,  4093,  -15504 },
{ 3054,  -1259,  21,  5478,  -10828 },
{ -8192,  16615,  -14878,  -16475,  -8292 },
{ 17292,  -18250,  6794,  19908,  -15606 },
{ 28420,  32553,  24074,  -2632,  306 },
};
Address book
{{ 1,  9,  5,  14,  1,  3,  9,  5,  3,  9,  13,  8,  5,  13,  7,  13,  11,  1,  5,  10,  0,  2,  1,  11,  5,  11 },
{ 0,  3,  12,  11,  9,  6,  10,  15,  14,  10,  13,  1,  1,  3,  0,  8,  14,  13,  0,  5,  9,  8,  4,  8,  0,  7 },
};