****************************Codebook*******************************
{{ 8,  8,  -8,  8,  8 },
{ -1,  3,  1,  3,  -1 },
{ 8,  9,  -10,  5,  9 },
{ 3,  -3,  -4,  -1,  0 },
{ 4,  8,  -4,  -2,  -4 },
{ 6,  -2,  5,  -2,  4 },
{ -3,  0,  -3,  1,  -2 },
{ 2,  0,  2,  -4,  -3 },
{ -3,  2,  2,  0,  -6 },
{ 8,  -3,  -1,  4,  -4 },
{ 0,  2,  0,  -2,  4 },
{ -4,  -5,  -9,  9,  4 },
{ -6,  -2,  0,  2,  5 },
{ -7,  -7,  7,  7,  -7 },
};
Address book
{{ 3,  1,  12,  9,  3,  7,  8,  3,  7,  1,  4,  1,  5,  1,  10,  7,  6,  3,  5,  1,  10,  12,  3,  9,  5,  6 },
{ 6,  7,  1,  6,  1,  10,  1,  5,  1,  10,  4,  3,  3,  7,  12,  1,  9,  10,  6,  12,  8,  6,  4,  6,  8,  10 },
};