****************************Codebook*******************************
{{ 98,  -29,  13,  -6,  32 },
{ 117,  -108,  58,  59,  -93 },
{ 14,  2,  -47,  111,  -55 },
{ 74,  -100,  97,  -19,  21 },
{ 41,  -6,  57,  -55,  79 },
{ 19,  -56,  54,  61,  -20 },
{ -20,  106,  -28,  -30,  -41 },
{ -72,  4,  2,  14,  14 },
{ 2,  -53,  -31,  -27,  -5 },
{ -22,  34,  -41,  -52,  38 },
{ 22,  -24,  -64,  -80,  -48 },
{ -55,  -55,  -81,  14,  -61 },
{ -83,  27,  -65,  -6,  -45 },
{ -45,  33,  15,  14,  -58 },
{ -58,  -59,  -25,  1,  103 },
{ 23,  -27,  34,  -69,  -67 },
};
Address book
{{ 11,  13,  0,  1,  8,  10,  13,  3,  15,  13,  12,  2,  4,  6,  9,  10,  11,  8,  0,  7,  8,  14,  8,  11,  4,  12 },
{ 8,  15,  13,  11,  6,  8,  7,  3,  5,  9,  6,  10,  10,  15,  14,  2,  2,  9,  7,  0,  13,  12,  11,  12,  14,  4 },
};