max: 222545442
max: 102304660
max: 44753079
max: 37260421
max: 25138852
max: 22294825
max: 30259070
max: 20064812
max: 10329268
max: 12595905
max: 10452171
max: 9853259
max: 8359506
max: 8322340
max: 10900961
max: 14960912
max: 9930996
max: 4977965
max: 5304281
max: 6951895
max: 7682355
max: 12771797
max: 4177250
max: 3682777
max: 4200215
max: 1736466
max: 2613709
max: 2035625
max: 1473643
max: 2179465
max: 485590
max: 604819
max: 135119
max: 243031
max: 306641
max: 806052
max: 437930
max: 211539
max: 1240758
max: 244398
max: 176898
max: 133401
max: 100272
max: 69674
max: 143631
max: 0
****************************Codebook*******************************
{{ -130298222,  23428084,  84582724,  173148385,  -75637982 },
{ 119131623,  -160630794,  61595095,  -181964854,  66223334 },
{ 26032292,  120704284,  -45868720,  157671959,  -71647727 },
{ 106358394,  -154325870,  153557297,  71277444,  8251118 },
{ 19091289,  45476666,  -149805756,  -102385403,  46886815 },
{ 69725365,  -73300537,  -21742842,  51645100,  50127530 },
{ 5873572,  31197467,  56696561,  -60348657,  130757930 },
{ -17674475,  -5531667,  10614832,  12500636,  7256251 },
{ 8054520,  1083400,  -3936416,  -7660988,  -2577124 },
{ -86465388,  -99904753,  -148088945,  41330973,  -253341 },
{ 147377372,  65236972,  -137100836,  16473516,  -21192749 },
{ 11622947,  16124682,  -35634840,  42019634,  -17313174 },
{ 64123884,  6795005,  54503301,  106069240,  -71012538 },
{ -129177410,  -54031502,  77209266,  50777305,  29524443 },
{ 143914072,  167442184,  164826667,  -47908344,  -74460928 },
{ -101010321,  28913118,  -129961851,  -49648,  -47912209 },
{ 34950668,  89150808,  265021,  -14554250,  32243262 },
{ -81454665,  -50608306,  -65638137,  -43641308,  58409110 },
{ -42429649,  127508331,  -133330024,  -81682787,  -164741951 },
{ -181958017,  -3012693,  -48429897,  -75257511,  234734276 },
};Address book
{{ 4,  8,  8,  8,  8,  8,  8,  8,  8,  8,  8,  7,  8,  7,  11,  8,  7,  8,  8,  8,  8,  8,  8,  8,  8,  8,  8,  8,  8,  8,  7,  8,  11,  8,  8,  7,  7,  8,  8,  7,  7,  8,  8,  8,  8,  8,  7,  7,  7,  8,  8,  8,  7,  8,  7,  7,  8,  8,  7,  8,  8,  7,  8,  8,  8,  7,  7,  8,  8,  11,  8,  8,  7,  17,  17,  7,  7,  7,  8,  8,  8,  8,  7,  7,  8,  7,  7,  11,  11,  11,  17,  17,  9,  9,  9,  17,  7,  7,  7,  8,  7,  8,  7,  8,  8,  8,  16,  2,  11,  17,  17,  17,  17,  9,  9,  9,  13,  7,  12,  7,  8,  8,  7,  8,  16,  16,  12,  2,  11,  17,  17,  17,  4,  4,  4,  9,  9,  13,  12,  12,  8,  7,  7,  16,  16,  16,  10,  10,  10,  11,  11,  16,  10,  10,  4,  4,  17,  13,  12,  11,  11,  7,  11,  8,  16,  10,  10,  10,  10,  2,  2,  14,  14,  18,  4,  4,  4,  5,  2,  16,  8,  7,  8,  8,  4,  10,  2,  4,  15,  0,  12,  14,  14,  18,  18,  4,  10,  5,  2,  11,  7,  7,  8,  4,  4,  4,  5,  17,  13,  13,  3,  14,  14,  14,  18,  4,  5,  5,  2,  11,  7,  7,  8,  16,  6,  5,  5,  7,  13,  0,  12,  14,  14,  14,  10,  4,  5,  12,  11,  11,  8,  8,  8,  16,  6,  5,  5,  7,  0,  14,  14,  14,  14,  10,  4,  4,  6,  8,  11,  11,  8,  8,  8,  16,  17,  13,  13,  7,  12,  14,  14,  14,  16,  6,  4,  6,  4,  8,  8,  8,  8,  7,  7,  8,  17,  13,  0,  11,  2,  11,  8,  7,  17,  17,  6,  4,  4,  11,  8,  8,  8,  7,  7,  8,  8,  8,  7,  11,  9,  9,  9,  9,  17,  17,  4,  4,  4,  11,  11,  8,  7,  8,  8,  7,  8,  11,  11,  9,  9,  9,  9,  9,  17,  17,  4,  4,  4,  8,  8,  8,  8,  8,  8,  7,  7,  8,  11,  11,  7,  8,  17,  17,  17,  8,  8,  11,  8,  7,  8,  8,  8,  7,  8,  7,  8,  8,  11,  11,  7,  8,  8,  8,  8,  8,  8,  7,  8,  8,  7,  7,  8,  8,  8,  8,  8,  8,  7,  8,  7,  7,  8,  7,  8,  7,  7,  8,  7,  7,  11,  8,  7 },
{ 10,  7,  7,  8,  8,  8,  8,  8,  8,  7,  8,  8,  8,  8,  8,  8,  8,  7,  7,  7,  7,  8,  8,  8,  8,  8,  8,  7,  8,  7,  8,  7,  8,  7,  8,  8,  8,  8,  8,  7,  8,  8,  8,  8,  8,  8,  7,  5,  8,  7,  7,  8,  7,  7,  7,  7,  7,  8,  8,  8,  8,  7,  8,  7,  7,  5,  5,  5,  7,  8,  8,  11,  11,  5,  5,  12,  7,  7,  7,  8,  8,  7,  11,  7,  7,  5,  5,  5,  8,  16,  2,  2,  10,  7,  11,  12,  11,  5,  5,  7,  7,  8,  8,  7,  5,  5,  5,  5,  16,  2,  2,  10,  10,  16,  7,  0,  7,  5,  5,  5,  8,  7,  7,  8,  5,  5,  11,  11,  16,  18,  18,  2,  5,  16,  6,  13,  7,  11,  8,  5,  8,  7,  8,  8,  5,  5,  5,  7,  18,  18,  18,  15,  11,  16,  6,  6,  7,  2,  11,  5,  7,  8,  7,  5,  3,  12,  5,  11,  18,  18,  18,  18,  16,  6,  6,  6,  7,  15,  11,  5,  8,  8,  8,  7,  3,  12,  3,  5,  18,  18,  18,  14,  14,  6,  6,  19,  16,  2,  12,  5,  8,  7,  7,  6,  5,  12,  3,  3,  13,  14,  14,  14,  6,  6,  19,  19,  16,  11,  11,  7,  7,  8,  8,  6,  6,  12,  3,  3,  3,  5,  14,  6,  5,  9,  8,  17,  7,  11,  16,  7,  8,  8,  8,  6,  7,  12,  12,  5,  5,  5,  5,  12,  5,  9,  11,  7,  11,  11,  16,  7,  7,  7,  7,  6,  6,  7,  3,  12,  3,  3,  12,  2,  9,  9,  11,  7,  12,  2,  12,  8,  8,  8,  7,  16,  16,  15,  5,  12,  3,  3,  12,  9,  9,  11,  7,  5,  5,  11,  12,  8,  8,  8,  8,  7,  15,  15,  15,  11,  3,  14,  16,  11,  5,  5,  5,  5,  5,  11,  8,  8,  7,  8,  8,  8,  11,  18,  18,  18,  14,  14,  16,  16,  5,  5,  5,  7,  16,  11,  11,  7,  8,  8,  11,  8,  7,  15,  18,  18,  8,  16,  16,  16,  5,  5,  5,  7,  7,  8,  7,  7,  8,  8,  11,  8,  8,  8,  15,  15,  7,  8,  8,  8,  8,  8,  7,  8,  8,  7,  7,  7,  7,  8,  8,  7,  8,  7,  7,  7,  8,  8,  8,  8,  8,  8,  7,  8,  7,  7,  8,  7,  8 },
{ 5,  8,  8,  8,  7,  8,  7,  8,  8,  7,  8,  8,  7,  7,  7,  8,  7,  8,  7,  8,  8,  7,  7,  8,  7,  7,  8,  7,  8,  7,  8,  8,  7,  8,  7,  8,  11,  8,  8,  8,  11,  8,  7,  7,  8,  8,  8,  7,  7,  7,  7,  8,  7,  7,  11,  8,  8,  8,  7,  7,  8,  8,  8,  7,  7,  7,  7,  7,  7,  7,  11,  11,  11,  11,  2,  2,  12,  7,  8,  7,  7,  8,  7,  8,  7,  8,  7,  13,  17,  17,  9,  10,  2,  2,  2,  0,  0,  7,  8,  17,  8,  8,  7,  7,  8,  7,  13,  13,  17,  9,  10,  10,  12,  2,  2,  0,  0,  13,  17,  17,  8,  7,  8,  8,  11,  12,  0,  13,  17,  4,  10,  2,  12,  5,  12,  0,  0,  0,  17,  17,  8,  8,  8,  7,  12,  2,  13,  13,  17,  15,  2,  2,  5,  1,  3,  2,  0,  0,  15,  17,  7,  8,  8,  8,  0,  0,  13,  19,  17,  15,  12,  12,  3,  1,  1,  16,  0,  0,  15,  17,  8,  7,  8,  7,  0,  0,  19,  19,  9,  15,  12,  14,  1,  1,  1,  16,  15,  0,  13,  17,  7,  8,  8,  11,  0,  0,  19,  19,  16,  7,  8,  1,  1,  1,  1,  10,  2,  0,  13,  6,  7,  8,  8,  11,  12,  0,  19,  13,  13,  17,  1,  1,  1,  1,  16,  2,  2,  0,  7,  17,  7,  7,  8,  11,  12,  0,  19,  13,  13,  17,  1,  1,  1,  5,  2,  2,  0,  7,  7,  17,  8,  8,  8,  8,  12,  0,  13,  13,  13,  1,  1,  5,  5,  2,  2,  2,  0,  11,  7,  17,  8,  8,  8,  16,  12,  12,  0,  0,  13,  13,  5,  11,  2,  2,  2,  0,  0,  7,  7,  7,  8,  7,  8,  8,  8,  12,  12,  2,  13,  13,  11,  2,  2,  2,  0,  0,  7,  7,  7,  7,  7,  8,  7,  7,  8,  12,  12,  0,  0,  0,  2,  2,  2,  12,  7,  7,  7,  8,  8,  7,  8,  7,  7,  7,  8,  11,  2,  2,  11,  8,  11,  11,  11,  12,  7,  7,  8,  8,  7,  7,  8,  8,  8,  8,  7,  11,  11,  11,  7,  8,  8,  7,  7,  7,  8,  8,  8,  7,  8,  7,  8,  8,  8,  8,  8,  8,  8,  7,  7,  8,  7,  7,  8,  8,  7,  8,  8,  8,  8,  7,  8 },
{ 1,  8,  8,  7,  8,  8,  7,  8,  7,  8,  7,  7,  7,  8,  7,  8,  8,  8,  8,  8,  8,  7,  7,  8,  8,  11,  8,  8,  8,  7,  7,  8,  7,  7,  8,  8,  8,  11,  8,  7,  8,  8,  7,  8,  8,  8,  7,  7,  7,  16,  8,  8,  7,  7,  7,  7,  7,  7,  8,  8,  8,  8,  8,  7,  8,  7,  7,  7,  6,  8,  8,  8,  11,  7,  13,  13,  7,  7,  7,  8,  7,  8,  8,  7,  7,  7,  7,  7,  6,  5,  5,  10,  10,  0,  0,  0,  13,  7,  7,  8,  8,  8,  8,  8,  7,  13,  13,  6,  6,  5,  10,  10,  10,  10,  0,  0,  13,  13,  7,  6,  7,  7,  8,  8,  7,  13,  13,  6,  6,  10,  10,  10,  10,  10,  10,  15,  15,  13,  7,  6,  7,  8,  8,  8,  7,  17,  13,  6,  4,  10,  10,  10,  10,  10,  10,  18,  18,  0,  6,  6,  7,  8,  7,  8,  17,  17,  17,  19,  16,  10,  10,  5,  5,  10,  10,  18,  18,  0,  13,  6,  7,  8,  8,  8,  15,  9,  9,  16,  16,  6,  1,  3,  3,  3,  12,  18,  4,  0,  13,  6,  7,  8,  8,  4,  15,  9,  9,  17,  13,  13,  1,  3,  3,  3,  6,  4,  4,  13,  13,  6,  8,  7,  8,  4,  15,  9,  5,  13,  0,  3,  1,  6,  6,  6,  8,  4,  15,  13,  13,  6,  8,  7,  8,  4,  15,  9,  12,  0,  0,  6,  6,  6,  6,  7,  15,  15,  17,  13,  7,  8,  7,  8,  8,  4,  4,  9,  0,  0,  0,  7,  5,  5,  7,  15,  15,  4,  8,  7,  5,  8,  8,  8,  8,  4,  8,  0,  0,  13,  7,  8,  4,  4,  15,  15,  15,  17,  11,  5,  5,  8,  8,  8,  7,  8,  8,  0,  0,  13,  11,  10,  10,  4,  4,  15,  15,  17,  7,  8,  5,  8,  8,  7,  8,  7,  7,  12,  13,  13,  7,  4,  18,  18,  18,  15,  7,  7,  7,  7,  8,  8,  8,  8,  8,  7,  7,  7,  7,  13,  7,  8,  8,  8,  11,  11,  7,  8,  8,  8,  7,  8,  8,  8,  8,  7,  7,  8,  7,  7,  7,  8,  8,  8,  7,  7,  7,  8,  7,  8,  7,  8,  7,  8,  8,  7,  7,  7,  8,  7,  8,  8,  8,  7,  8,  8,  8,  7,  7,  8,  7,  7,  8 },
{ 6,  8,  7,  7,  7,  8,  7,  8,  8,  8,  11,  8,  7,  7,  8,  7,  7,  8,  7,  8,  7,  8,  8,  8,  8,  8,  7,  8,  8,  8,  8,  8,  8,  7,  8,  7,  8,  8,  8,  7,  8,  7,  7,  8,  8,  7,  8,  8,  16,  7,  8,  8,  7,  11,  11,  7,  7,  8,  8,  8,  8,  8,  8,  8,  7,  7,  7,  11,  16,  16,  16,  8,  11,  11,  9,  9,  9,  7,  11,  8,  8,  7,  8,  8,  8,  7,  11,  11,  11,  8,  8,  4,  4,  17,  9,  9,  9,  17,  8,  8,  7,  7,  7,  8,  7,  11,  15,  10,  10,  10,  10,  4,  4,  19,  9,  9,  9,  7,  11,  8,  8,  8,  8,  7,  11,  9,  9,  10,  10,  10,  10,  18,  17,  19,  19,  17,  17,  8,  11,  8,  7,  7,  7,  7,  9,  9,  9,  5,  10,  10,  10,  8,  5,  19,  19,  19,  15,  4,  11,  11,  8,  8,  7,  7,  9,  9,  9,  11,  10,  10,  10,  8,  13,  13,  19,  19,  15,  9,  8,  11,  8,  7,  8,  13,  9,  9,  9,  8,  16,  16,  12,  13,  0,  0,  6,  17,  9,  17,  4,  11,  8,  8,  7,  13,  9,  9,  9,  13,  13,  0,  0,  0,  0,  12,  5,  13,  15,  15,  4,  11,  7,  7,  7,  13,  13,  9,  9,  5,  3,  12,  0,  3,  5,  10,  9,  15,  15,  11,  16,  8,  7,  8,  7,  13,  9,  9,  5,  5,  5,  12,  3,  3,  5,  10,  15,  15,  15,  7,  11,  8,  8,  8,  7,  7,  17,  17,  8,  4,  4,  15,  11,  5,  4,  4,  9,  9,  9,  11,  11,  7,  8,  7,  7,  7,  7,  8,  5,  10,  4,  4,  15,  16,  16,  17,  9,  9,  11,  11,  11,  7,  8,  8,  8,  7,  16,  16,  10,  4,  4,  19,  15,  15,  15,  9,  9,  9,  11,  11,  11,  11,  8,  8,  8,  7,  8,  16,  5,  4,  4,  17,  17,  17,  17,  9,  9,  11,  11,  11,  8,  8,  8,  8,  8,  7,  8,  5,  5,  10,  11,  8,  17,  8,  7,  7,  7,  7,  11,  8,  8,  8,  8,  8,  8,  8,  8,  8,  11,  5,  11,  8,  8,  7,  7,  7,  8,  8,  8,  8,  7,  7,  8,  7,  8,  8,  8,  8,  8,  7,  7,  7,  8,  7,  7,  8,  8,  7,  8,  8,  8,  8,  7 },
};