[0.754883 -1.829956 2.310059 2.110840 0.754883 0.448486 -1.829956 2.310059 0.448486 -1.829956 -1.000000 -1.076538 2.310059 -1.000000 -0.318970 -1.000000 -2.718872 0.754883 2.310059 -1.415649 -1.459961 -2.855469 0.754883 -2.718872 2.310059 -2.718872 ; 
-1.960693 1.709839 -1.029785 -2.227783 -1.960693 -0.780640 1.709839 -1.029785 -0.780640 1.709839 2.028198 1.024902 -1.029785 2.028198 0.431274 2.028198 -1.168823 -1.960693 -1.029785 0.627563 -1.377686 -1.514893 -1.960693 -1.168823 -1.029785 -1.168823 ; 
-1.879395 0.597412 1.462646 0.829346 -1.879395 0.557251 0.597412 1.462646 0.557251 0.597412 -1.816162 -1.768066 1.462646 -1.816162 0.663452 -1.816162 -2.605591 -1.879395 1.462646 -0.522705 -0.716187 -1.628296 -1.879395 -2.605591 1.462646 -2.605591 ; 
-1.228882 0.325928 -0.888184 2.430176 -1.228882 -2.340332 0.325928 -0.888184 -2.340332 0.325928 -2.011108 2.059570 -0.888184 -2.011108 -1.504150 -2.011108 0.499634 -1.228882 -0.888184 0.667480 -1.019897 2.083374 -1.228882 0.499634 -0.888184 0.499634 ; 
-1.022949 -1.656494 1.561035 -1.905029 -1.022949 -2.043823 -1.656494 1.561035 -2.043823 -1.656494 -1.012207 -1.270020 1.561035 -1.012207 1.978027 -1.012207 -1.892578 -1.022949 1.561035 0.692505 1.191040 3.160767 -1.022949 -1.892578 1.561035 -1.892578 ; 
-1.459961 0.448486 0.372803 -2.718872 -1.829956 0.118042 -1.415649 3.469238 2.110840 -1.415649 -1.000000 0.754883 0.754883 0.448486 -1.459961 -1.076538 2.110840 -1.000000 -1.459961 2.310059 -1.829956 -1.076538 -0.223145 -1.076538 -1.459961 -0.318970 ; 
-1.377686 -0.780640 -0.153687 -1.168823 1.709839 -0.755737 0.627563 3.973755 -2.227783 0.627563 2.028198 -1.960693 -1.960693 -0.780640 -1.377686 1.024902 -2.227783 2.028198 -1.377686 -1.029785 1.709839 1.024902 -2.487915 1.024902 -1.377686 0.431274 ; 
-0.716187 0.557251 0.002563 -2.605591 0.597412 -0.584473 -0.522705 2.938721 0.829346 -0.522705 -1.816162 -1.879395 -1.879395 0.557251 -0.716187 -1.768066 0.829346 -1.816162 -0.716187 1.462646 0.597412 -1.768066 -2.300537 -1.768066 -0.716187 0.663452 ; 
-1.019897 -2.340332 0.668701 0.499634 0.325928 -0.835083 0.667480 -0.321289 2.430176 0.667480 -2.011108 -1.228882 -1.228882 -2.340332 -1.019897 2.059570 2.430176 -2.011108 -1.019897 -0.888184 0.325928 2.059570 -0.318970 2.059570 -1.019897 -1.504150 ; 
1.191040 -2.043823 -1.321777 -1.892578 -1.656494 1.146240 0.692505 0.037354 -1.905029 0.692505 -1.012207 -1.022949 -1.022949 -2.043823 1.191040 -1.270020 -1.905029 -1.012207 1.191040 1.561035 -1.656494 -1.270020 -2.756714 -1.270020 1.191040 1.978027 ; 
]
