[0.794161 -1.649125 -2.869669 3.664345 -0.438886 0.063960 -2.407555 -0.854322 0.063960 -1.005332 4.439179 0.438918 1.648182 -0.135124 -2.869669 0.063960 -2.407555 0.891143 1.648182 -1.649125 -0.438886 -0.854322 0.794161 4.439179 1.648182 -2.407555 ; 
-1.869866 0.976856 -0.027685 -3.377443 -1.876508 -0.181620 -0.710204 -1.883998 -0.181620 0.658664 -0.007122 0.057132 -0.407645 4.095225 -0.027685 -0.181620 -0.710204 -1.162996 -0.407645 0.976856 -1.876508 -1.883998 -1.869866 -0.007122 -0.407645 -0.710204 ; 
-2.682570 -0.885951 -0.317318 1.816847 -0.708104 0.165363 -1.382651 -3.266140 0.165363 0.398912 -3.146172 -1.518488 1.494663 -1.867669 -0.317318 0.165363 -1.382651 0.469594 1.494663 -0.885951 -0.708104 -3.266140 -2.682570 -3.146172 1.494663 -1.382651 ; 
-1.123405 0.636104 -0.986397 1.872640 -1.036231 -2.758072 0.231651 0.591880 -2.758072 0.515758 -0.672750 3.474066 -1.652464 -1.118085 -0.986397 -2.758072 0.231651 0.114368 -1.652464 0.636104 -1.036231 0.591880 -1.123405 -0.672750 -1.652464 0.231651 ; 
-1.119195 -0.070856 1.092995 -2.921290 0.631659 -1.677016 -2.782934 2.221870 -1.677016 -0.886095 -1.757779 -1.756016 1.921504 -2.062833 1.092995 -1.677016 -2.782934 -1.461969 1.921504 -0.070856 0.631659 2.221870 -1.119195 -1.757779 1.921504 -2.782934 ; 
-0.438886 0.891143 0.891143 -2.407555 -1.724110 -0.438886 -1.649125 3.469217 0.891143 -1.649125 -0.135124 0.794161 0.794161 0.063960 -0.438886 0.438918 0.438918 -2.869669 -2.869669 -2.869669 -1.724110 -1.649125 -0.135124 -1.649125 -2.407555 1.648182 ; 
-1.876508 -1.162996 -1.162996 -0.710204 2.524573 -1.876508 0.976856 -4.026277 -1.162996 0.976856 4.095225 -1.869866 -1.869866 -0.181620 -1.876508 0.057132 0.057132 -0.027685 -0.027685 -0.027685 2.524573 0.976856 4.095225 0.976856 -0.710204 -0.407645 ; 
-0.708104 0.469594 0.469594 -1.382651 1.312893 -0.708104 -0.885951 2.938678 0.469594 -0.885951 -1.867669 -2.682570 -2.682570 0.165363 -0.708104 -1.518488 -1.518488 -0.317318 -0.317318 -0.317318 1.312893 -0.885951 -1.867669 -0.885951 -1.382651 1.494663 ; 
-1.036231 0.114368 0.114368 0.231651 0.023260 -1.036231 0.636104 -0.321371 0.114368 0.636104 -1.118085 -1.123405 -1.123405 -2.758072 -1.036231 3.474066 3.474066 -0.986397 -0.986397 -0.986397 0.023260 0.636104 -1.118085 0.636104 0.231651 -1.652464 ; 
0.631659 -1.461969 -1.461969 -2.782934 -1.522564 0.631659 -0.070856 0.037265 -1.461969 -0.070856 -2.062833 -1.119195 -1.119195 -1.677016 0.631659 -1.756016 -1.756016 1.092995 1.092995 1.092995 -1.522564 -0.070856 -2.062833 -0.070856 -2.782934 1.921504 ; 
]
