[-0.411110  -2.086251  -4.460026  3.664345  0.346377  -0.382736  -2.610441  1.146935  1.483658  -1.005332  4.039845  -0.519235  1.399916  -0.790694  -0.863431  0.042617  -2.542322  1.005809  2.771973  -1.814554  -0.976213  -2.855580  0.513132  4.838512  2.195508  -2.882070  ; 
-1.812484  1.588851  -0.793070  -3.377443  -3.300803  -0.566248  1.252363  -2.253097  0.034897  0.658664  1.213743  0.989097  -0.959797  3.268266  0.288891  0.651187  -2.098704  -0.984700  -1.043670  0.438425  -1.227334  -1.514899  -2.466093  -1.227987  -0.200505  -0.207415  ; 
-2.279444  -0.204962  0.135492  1.816847  0.029416  -0.991887  0.166667  -4.903954  0.858123  0.398912  -2.500076  -1.186544  1.647741  -0.325372  0.400491  -0.811389  -2.497306  -0.575879  0.639655  0.352370  0.468518  -1.628326  -2.178771  -3.792268  2.764882  -2.126086  ; 
-0.125689  0.506807  0.522178  1.872640  -1.824989  -2.861699  0.559749  -0.899581  -2.913112  0.515758  -1.581604  3.331488  -2.005613  -1.039737  -1.595018  -2.752024  2.126031  -1.055383  -1.367924  1.918693  -0.476224  2.083341  0.129150  0.236104  -1.822911  -0.589797  ; 
-1.205387  -0.529007  0.499434  -2.921290  -0.307002  -1.869509  -3.822903  1.283032  -1.758182  -0.886095  -1.811774  -1.520506  2.700826  -1.003284  1.564461  -1.070510  -1.355266  -1.354823  0.280998  0.970256  0.735372  3.160709  -0.043606  -1.703784  2.312908  -1.922090  ; 
-0.761915  1.580381  0.372704  -2.290370  -1.722046  0.117939  -2.078486  3.469217  0.605676  -0.354484  0.608527  1.960742  1.113881  -0.887699  -0.920620  -0.226080  2.062069  -0.901028  -2.929012  -5.194847  -1.726173  -2.246982  -0.223207  -1.313993  -1.712570  0.225332  ; 
-1.326962  -1.745337  -0.153780  -1.141358  3.211756  -0.755846  0.096958  -4.026277  -1.768167  1.347069  3.505362  -2.138601  -1.062286  -0.846315  -2.771595  0.720299  -1.537999  1.501954  -0.207214  -0.928988  1.837389  0.986502  5.512048  1.403332  -1.355904  0.573392  ; 
-3.148366  0.755540  0.002547  -2.007258  0.674483  -0.584482  -0.061338  2.938678  1.696168  -1.859425  -2.977021  -2.481083  -3.790983  1.606602  -0.305605  -2.343536  -1.025384  -2.467785  -0.146559  0.491771  1.951304  -1.337698  -2.300612  -2.204652  -0.449274  0.926374  ; 
-1.150126  -1.081526  0.668631  0.225685  0.158519  -0.835197  0.777059  -0.321371  1.925752  -0.693427  -1.995519  -3.022835  -1.474244  -2.505451  -0.894617  3.598942  3.491768  -2.686929  -1.415993  0.243776  -0.112000  0.937524  -0.319000  0.369971  -1.163414  -1.413411  ; 
-1.165027  -2.538142  -1.321899  -2.589649  -0.458087  1.146126  0.409130  0.037265  -0.633011  0.697981  -2.428388  -1.309981  -1.917806  -2.009863  2.748825  -1.586336  -2.161208  1.252385  -0.139773  2.288467  -2.587041  -1.294127  -2.756827  -0.679370  -4.224760  2.391284  ; 
 ];
