[-13 -66 114 118 12 -12 -83 37 48 -32 -126 -16 45 -25 -27 2 -81 33 89 -58 -31 -91 17 -101 71 -92 ; 
-57 51 -25 -108 -105 -18 41 -72 2 22 39 32 -30 105 10 21 -67 -31 -33 15 -39 -48 -78 -39 -6 -6 ; 
-72 -6 5 59 1 -31 6 100 28 13 -80 -37 53 -10 13 -25 -79 -18 21 12 15 -52 -69 -121 89 -68 ; 
-4 17 17 60 -58 -91 18 -28 -93 17 -50 107 -64 -33 -51 -88 69 -33 -43 62 -15 67 5 8 -58 -18 ; 
-38 -16 16 -93 -9 -59 -122 42 -56 -28 -57 -48 87 -32 51 -34 -43 -43 9 32 24 102 -1 -54 75 -61 ; 
-24 51 12 -73 -55 4 -66 112 20 -11 20 63 36 -28 -29 -7 66 -28 -93 90 -55 -71 -7 -42 -54 8 ; 
-42 -55 -4 -36 103 -24 4 -128 -56 44 113 -68 -33 -27 -88 24 -49 49 -6 -29 59 32 -79 45 -43 19 ; 
-100 25 1 -64 22 -18 -1 95 55 -59 -95 -79 -121 52 -9 -74 -32 -78 -4 16 63 -42 -73 -70 -14 30 ; 
-36 -34 22 8 6 -26 25 -10 62 -22 -63 -96 -47 -80 -28 116 112 -85 -45 8 -3 31 -10 12 -37 -45 ; 
-37 -81 -42 -82 -14 37 14 2 -20 23 -77 -41 -61 -64 88 -50 -69 41 -4 74 -82 -41 -88 -21 121 77
 ];
